19985.820312 19266.460938    -1.230000
20308.900391 19569.169922     2.530000
19931.740234 19239.109375     1.640000
18063.279297 17385.650391    -0.860000
15060.740234 14514.379883    -4.340000
16057.080078 15524.419922    -5.360000
14269.320312 13748.480469     2.610000
12545.719727 12116.230469    -7.060000
20986.310547 20395.539062    -1.070000
21673.099609 20997.480469     3.050000
20173.339844 19579.099609    -0.250000
18452.619141 17781.820312     3.360000
18400.019531 17645.109375     0.650000
16624.099609 15938.620117    -2.010000
16610.789062 16060.519531     0.550000
14714.290039 14122.240234     0.000000 
11553.519531 11169.599609    -9.080000
13094.419922 12655.169922    -0.800000
21554.599609 20855.630859    -1.580000
21626.269531 20936.089844     6.060000
20973.339844 20359.300781     3.770000
19296.410156 18685.580078     0.000000
17837.300781 17184.189453     0.000000
17085.000000 16611.880859     2.880000
14199.440430 13710.209961    -1.620000
15865.919922 15255.540039    -0.540000
12766.790039 12310.559570    -5.330000
12192.580078 11742.549805    -1.660000
22447.820312 21745.779297    -1.820000
20204.699219 19577.779297     3.530000
20156.189453 19494.990234     0.000000
18211.369141 17560.859375    -2.020000
16456.869141 15876.660156     1.750000
17493.839844 16936.740234     2.120000
15001.219727 14485.209961    -7.380000
14799.900391 14254.440430     2.460000
14510.540039 13937.330078    -3.410000
10648.169922 10247.769531    -4.870000
21155.580078 20598.080078     7.620000
22469.960938 21779.509766    -0.320000
